          32            1           20 4.399285e-02
          16            2           20 7.037253e-02
           8            4           20 7.204592e-02
           4            8           20 8.866799e-02
           2           16           20 7.904973e-02
           1           32           20 6.178640e-02
          32            1           21 9.181586e-02
          16            2           21 1.544606e-01
           8            4           21 1.563155e-01
           4            8           21 1.700678e-01
           2           16           21 1.773776e-01
           1           32           21 3.590869e-01
          32            1           22 2.087647e-01
          16            2           22 2.989144e-01
           8            4           22 3.227221e-01
           4            8           22 2.762978e-01
           2           16           22 6.415855e-01
           1           32           22 8.274021e-01
          32            1           23 5.146006e-01
          16            2           23 6.372811e-01
           8            4           23 6.372585e-01
           4            8           23 1.006394e+00
           2           16           23 1.191986e+00
           1           32           23 1.420491e+00
          32            1           24 1.438660e+00
          16            2           24 1.556007e+00
           8            4           24 2.057545e+00
           4            8           24 2.062414e+00
           2           16           24 2.474341e+00
           1           32           24 3.142350e+00
          32            1           25 3.656787e+00
          16            2           25 4.321472e+00
           8            4           25 4.322834e+00
           4            8           25 4.597396e+00
           2           16           25 5.565593e+00
           1           32           25 7.002847e+00
          32            1           26 1.000405e+01
          16            2           26 9.681687e+00
           8            4           26 9.510494e+00
           4            8           26 1.004156e+01
           2           16           26 1.072624e+01
           1           32           26 1.361965e+01
          32            1           27 1.987354e+01
          16            2           27 1.860476e+01
           8            4           27 1.907047e+01
           4            8           27 1.943511e+01
           2           16           27 2.144807e+01
           1           32           27 2.719640e+01
          32            1           28 3.562542e+01
          16            2           28 3.471394e+01
           8            4           28 3.465695e+01
           4            8           28 3.444529e+01
           2           16           28 3.936347e+01
           1           32           28 4.995266e+01
          32            1           29 6.849690e+01
          16            2           29 6.949786e+01
           8            4           29 7.060440e+01
           4            8           29 7.483157e+01
           2           16           29 8.172608e+01
           1           32           29 1.058187e+02
