           2            1           20 7.251045e-02
           1            1           20 3.723477e-02
           2            1           21 1.273206e-01
           1            1           21 7.908680e-02
           2            1           22 2.527147e-01
           1            1           22 1.796552e-01
           2            1           23 5.068977e-01
           1            1           23 3.667716e-01
           2            1           24 7.255722e-01
           1            1           24 6.779908e-01
           2            1           25 1.478034e+00
           1            1           25 1.388837e+00
           2            1           26 2.391294e+00
           1            1           26 2.612590e+00
           2            1           27 4.376570e+00
           1            1           27 5.140660e+00
           2            1           28 8.331190e+00
           1            1           28 1.035970e+01
           2            1           29 1.641719e+01
           1            1           29 2.165873e+01
           0            1           20 4.486716e-02
           0            1           21 9.093538e-02
           0            1           22 1.907216e-01
           0            1           23 3.782791e-01
           0            1           24 7.265109e-01
           0            1           25 1.464455e+00
           0            1           26 2.704998e+00
           0            1           27 5.270216e+00
           0            1           28 1.052794e+01
           0            1           29 2.186559e+01
