          32            1           20 4.561787e-02
          16            1           20 6.007677e-02
           8            1           20 8.525481e-02
           4            1           20 1.414721e-01
           2            1           20 2.821251e-01
           1            1           20 4.767185e-01
          32            1           21 1.025291e-01
          16            1           21 1.307109e-01
           8            1           21 1.933042e-01
           4            1           21 3.234309e-01
           2            1           21 5.486592e-01
           1            1           21 1.646626e+00
          32            1           22 2.176339e-01
          16            1           22 2.637710e-01
           8            1           22 4.112435e-01
           4            1           22 7.479448e-01
           2            1           22 1.863831e+00
           1            1           22 3.261185e+00
          32            1           23 5.234149e-01
          16            1           23 5.906532e-01
           8            1           23 1.028672e+00
           4            1           23 2.129763e+00
           2            1           23 3.598948e+00
           1            1           23 5.684163e+00
          32            1           24 1.551226e+00
          16            1           24 1.681108e+00
           8            1           24 2.822851e+00
           4            1           24 4.295983e+00
           2            1           24 7.700971e+00
           1            1           24 1.155775e+01
          32            1           25 4.210643e+00
          16            1           25 5.057300e+00
           8            1           25 5.987844e+00
           4            1           25 8.928087e+00
           2            1           25 1.566615e+01
           1            1           25 2.379999e+01
          32            1           26 9.757662e+00
          16            1           26 9.603434e+00
           8            1           26 1.273015e+01
           4            1           26 1.812241e+01
           2            1           26 3.279957e+01
           1            1           26 4.948768e+01
          32            1           27 1.907463e+01
          16            1           27 1.995681e+01
           8            1           27 2.550219e+01
           4            1           27 3.708569e+01
           2            1           27 6.692907e+01
           1            1           27 1.071432e+02
          32            1           28 3.770401e+01
          16            1           28 4.061083e+01
           8            1           28 5.101403e+01
           4            1           28 7.713095e+01
           2            1           28 1.391008e+02
           1            1           28 2.411830e+02
          32            1           29 7.934487e+01
          16            1           29 8.167964e+01
           8            1           29 1.093767e+02
           4            1           29 1.678004e+02
           2            1           29 2.898771e+02
           1            1           29 4.966512e+02
