           1           32           20 1.446414e-02
           1           16           20 1.819935e-02
           1            8           20 2.398395e-02
           1            4           20 3.790596e-02
           1            2           20 6.724558e-02
           1            1           20 1.256145e-01
           1           32           21 2.910075e-02
           1           16           21 3.206339e-02
           1            8           21 5.019125e-02
           1            4           21 7.272388e-02
           1            2           21 1.368293e-01
           1            1           21 2.871902e-01
           1           32           22 5.285465e-02
           1           16           22 6.057188e-02
           1            8           22 9.004287e-02
           1            4           22 1.629193e-01
           1            2           22 3.570383e-01
           1            1           22 6.684644e-01
           1           32           23 1.193117e-01
           1           16           23 1.431521e-01
           1            8           23 2.251514e-01
           1            4           23 4.005311e-01
           1            2           23 7.382951e-01
           1            1           23 1.415585e+00
           1           32           24 3.137382e-01
           1           16           24 4.028841e-01
           1            8           24 5.558728e-01
           1            4           24 9.084418e-01
           1            2           24 1.648047e+00
           1            1           24 2.922704e+00
           1           32           25 9.083518e-01
           1           16           25 1.038674e+00
           1            8           25 1.196209e+00
           1            4           25 1.931749e+00
           1            2           25 3.322937e+00
           1            1           25 6.092075e+00
           1           32           26 1.716865e+00
           1           16           26 1.899027e+00
           1            8           26 2.591245e+00
           1            4           26 3.849993e+00
           1            2           26 7.263101e+00
           1            1           26 1.311103e+01
           1           32           27 3.395216e+00
           1           16           27 3.959571e+00
           1            8           27 5.378105e+00
           1            4           27 8.385641e+00
           1            2           27 1.566162e+01
           1            1           27 2.864047e+01
           1           32           28 6.371964e+00
           1           16           28 8.018064e+00
           1            8           28 1.261864e+01
           1            4           28 1.743357e+01
           1            2           28 3.374350e+01
           1            1           28 6.189972e+01
           1           32           29 1.357700e+01
           1           16           29 1.713223e+01
           1            8           29 2.238127e+01
           1            4           29 3.735876e+01
           1            2           29 7.281348e+01
           1            1           29 1.336021e+02
